270 269
49 343
261 285
216 49
352 306
250 330
114 283
246 148
377 75
86 292
35 76
127 165
115 114
237 139
130 123
211 198
9 244
198 142
396 279
177 224
367 211
334 200
149 206
108 165
345 380
347 16
3 150
368 138
222 5
391 148
143 32
291 322
130 183
313 70
127 380
120 179
309 164
236 240
257 117
250 146
80 93
70 129
148 382
271 290
128 219
395 1
190 156
109 93
231 11
376 273
353 9
121 154
87 202
303 83
159 313
140 196
150 325
284 219
169 293
246 165
255 35
290 184
94 99
101 305
141 309
310 140
202 99
81 393
216 249
276 12
396 6
300 297
83 254
94 177
289 380
120 253
274 252
43 348
309 133
387 141
383 372
7 380
201 342
190 374
341 275
399 328
157 281
39 203
148 373
65 53
336 142
392 277
108 45
10 346
195 123
359 76
29 229
191 320
78 26
19 182
